ИТ23А
АиП
1
2
3
4
2
6
ИТ22B
Осис
4
7
6
11
1
0
ИТ23C
графДВ
2
3
5
6
7
4
ИТ22D
АиП
8
6
5
3
2
1
ИН22C
АнглЯз
1
2
3
4
2
6
ИC21B
ВышМат
7
1
3
4
5
6
ИСТ23C
ИстРос
6
6
6
4
7
6
МАТ22A
ВышМат
7
8
9
10
11
6
ИТ23C
ДС
1
2
3
4
5
6
ВИН22D
ВИНОГР
3
2
3
10
4
6
ИНЖ23D
Начерт
12
5
3
7
4
9
МЕХ21B
Начерт
1
2
3
4
3
6
МЕХ22A
ВышМат
1
1
1
5
3
7
АРХ22C
Начерт
2
2
2
2
2
2
ИТ23C
ДС
3
3
3
3
3
3
ИТ23D
АиП
7
8
6
5
1
4
ПИ21A
ИИО
2
3
4
5
6
7
АРХ22A
ФИЗ
3
4
5
6
5
9
АРХ21C
Начерт
5
4
3
2
1
1
ИСТ22A
АрЯз
9
3
4
5
1
8
ИН23A
РуссЯЗ
2
3
4
5
6
7
